PPBP	TPSAB1	1.8922381300399747
TPSAB1	PPBP	1.8922381300399747
IGKV2D-28	IGHV5-10-1	1.8889767279219953
IGHV5-10-1	IGKV2D-28	1.8889767279219953
IGKV1-33	IGKV1D-33	1.8714309432521814
IGKV1D-33	IGKV1-33	1.8714309432521814
IGKV2D-28	JCHAIN	1.8671543638766295
JCHAIN	IGKV2D-28	1.8671543638766295
IGKV1-9	IGHV3-48	1.8393547695027204
IGHV3-48	IGKV1-9	1.8393547695027204
IGHG2	IGHG3	1.805293330720258
IGHG3	IGHG2	1.805293330720258
IGHV4-39	IGLV2-11	1.8049529680802965
IGLV2-11	IGHV4-39	1.8049529680802965
JCHAIN	IGHA1	1.7696420342195163
IGHA1	JCHAIN	1.7696420342195163
IGHGP	IGHG3	1.7664902809475105
IGHG3	IGHGP	1.7664902809475105
IGKV1-9	IGHV5-10-1	1.7455578667372824
IGHV5-10-1	IGKV1-9	1.7455578667372824
JCHAIN	IGHV4-39	1.745077029598042
IGHV4-39	JCHAIN	1.745077029598042
IGHV4-59	IGHV4-61	1.7393935065767367
IGHV4-61	IGHV4-59	1.7393935065767367
IGKV2D-29	IGHG2	1.727149839380282
IGHG2	IGKV2D-29	1.727149839380282
IGKV3-20	IGHV5-10-1	1.723350451208097
IGHV5-10-1	IGKV3-20	1.723350451208097
IGKV3-20	IGHA1	1.716841777786716
IGHA1	IGKV3-20	1.716841777786716
IGKV1-9	IGHV3-64D	1.7145438445527925
IGHV3-64D	IGKV1-9	1.7145438445527925
IGKV1-33	IGHV3-64D	1.7128809809662022
IGHV3-64D	IGKV1-33	1.7128809809662022
IGKV1D-33	IGHV3-64D	1.7128809809662022
IGHV3-64D	IGKV1D-33	1.7128809809662022
IGKV3-20	IGHV4-59	1.7053724880781402
IGHV4-59	IGKV3-20	1.7053724880781402
IGHG2	IGHGP	1.7017675404322339
IGHGP	IGHG2	1.7017675404322339
IGKV1-33	IGHV3-48	1.6933557735879101
IGHV3-48	IGKV1-33	1.6933557735879101
IGKV1D-33	IGHV3-48	1.6933557735879101
IGHV3-48	IGKV1D-33	1.6933557735879101
IGHA1	IGHV3-48	1.6932675946167093
IGHV3-48	IGHA1	1.6932675946167093
IGKV2D-29	IGHG3	1.690160071462857
IGHG3	IGKV2D-29	1.690160071462857
IGHV4-39	IGHV4-61	1.6896591938768986
IGHV4-61	IGHV4-39	1.6896591938768986
IGKV1-9	IGHA1	1.6894039596905417
IGHA1	IGKV1-9	1.6894039596905417
IGHV4-39	IGHV4-59	1.6891151299482297
IGHV4-59	IGHV4-39	1.6891151299482297
IGHV4-61	IGLV2-11	1.6881046129764465
IGLV2-11	IGHV4-61	1.6881046129764465
IGKV1-33	IGLV2-11	1.6799959093786154
IGLV2-11	IGKV1-33	1.6799959093786154
IGKV1D-33	IGLV2-11	1.6799959093786154
IGLV2-11	IGKV1D-33	1.6799959093786154
IGHG3	IGHV5-10-1	1.6794891666400165
IGHV5-10-1	IGHG3	1.6794891666400165
IGKV3-20	IGHV3-48	1.677246748461493
IGHV3-48	IGKV3-20	1.677246748461493
IGKV3-20	IGHGP	1.6766652133072042
IGHGP	IGKV3-20	1.6766652133072042
IGHA1	IGLV2-11	1.6728966056396817
IGLV2-11	IGHA1	1.6728966056396817
JCHAIN	IGLV2-11	1.6707773010962348
IGLV2-11	JCHAIN	1.6707773010962348
IGHG2	IGHV3-64D	1.6540892004931425
IGHV3-64D	IGHG2	1.6540892004931425
IGKV2D-29	IGHV4-61	1.6462352216310219
IGHV4-61	IGKV2D-29	1.6462352216310219
IGKV2D-28	IGHA1	1.6453953656745295
IGHA1	IGKV2D-28	1.6453953656745295
IGKV2D-28	IGHV4-59	1.6388695168545429
IGHV4-59	IGKV2D-28	1.6388695168545429
IGKV1-9	IGKV3-20	1.633057731707498
IGKV3-20	IGKV1-9	1.633057731707498
IGHG3	IGHV3-64D	1.6303768012773943
IGHV3-64D	IGHG3	1.6303768012773943
IGKV1-33	IGHG2	1.6287832486533949
IGHG2	IGKV1-33	1.6287832486533949
IGKV1D-33	IGHG2	1.6287832486533949
IGHG2	IGKV1D-33	1.6287832486533949
IGKV3-20	JCHAIN	1.6258295788646067
JCHAIN	IGKV3-20	1.6258295788646067
IGHGP	IGHV5-10-1	1.608353985158479
IGHV5-10-1	IGHGP	1.608353985158479
IGKV1-33	IGHV4-59	1.595988755956152
IGHV4-59	IGKV1-33	1.595988755956152
IGKV1D-33	IGHV4-59	1.595988755956152
IGHV4-59	IGKV1D-33	1.595988755956152
IGHA1	IGHV4-39	1.5896657010431068
IGHV4-39	IGHA1	1.5896657010431068
IGKV2D-29	IGHGP	1.5699542799856259
IGHGP	IGKV2D-29	1.5699542799856259
IGKV2D-28	TPSAB1	1.5571500771199482
TPSAB1	IGKV2D-28	1.5571500771199482
IGHG2	IGHV5-10-1	1.543780825164252
IGHV5-10-1	IGHG2	1.543780825164252
IGKV2D-28	IGHV4-61	1.518813183549597
IGHV4-61	IGKV2D-28	1.518813183549597
IGHGP	IGHV3-64D	1.5154735742738086
IGHV3-64D	IGHGP	1.5154735742738086
JCHAIN	IGHV3-48	1.5132535509128995
IGHV3-48	JCHAIN	1.5132535509128995
IGKV1-9	JCHAIN	1.5117494342454778
JCHAIN	IGKV1-9	1.5117494342454778
IGHA1	IGHV4-61	1.5102176564292762
IGHV4-61	IGHA1	1.5102176564292762
IGKV2D-28	IGHG3	1.4999263622168706
IGHG3	IGKV2D-28	1.4999263622168706
IGKV3-20	TPSAB1	1.4936422506587776
TPSAB1	IGKV3-20	1.4936422506587776
IGHGP	IGHV4-39	1.4833925309814586
IGHV4-39	IGHGP	1.4833925309814586
IGHA1	IGHV4-59	1.475440253437089
IGHV4-59	IGHA1	1.475440253437089
IGHA1	TPSAB1	1.4557460761950491
TPSAB1	IGHA1	1.4557460761950491
IGKV1-9	IGHG2	1.452363008184455
IGHG2	IGKV1-9	1.452363008184455
IGHG3	IGHV4-61	1.4495754629014317
IGHV4-61	IGHG3	1.4495754629014317
IGKV1-9	IGKV1-33	1.4378454608409132
IGKV1-33	IGKV1-9	1.4378454608409132
IGKV1-9	IGKV1D-33	1.4378454608409132
IGKV1D-33	IGKV1-9	1.4378454608409132
IGKV2D-28	IGHGP	1.4358363120705913
IGHGP	IGKV2D-28	1.4358363120705913
IGKV2D-28	PPBP	1.4348100732650981
PPBP	IGKV2D-28	1.4348100732650981
IGKV1-9	IGHGP	1.4277665657379528
IGHGP	IGKV1-9	1.4277665657379528
JCHAIN	IGHV4-59	1.4226774311802144
IGHV4-59	JCHAIN	1.4226774311802144
IGKV2D-28	IGHG2	1.4156722204204155
IGHG2	IGKV2D-28	1.4156722204204155
IGKV1-33	IGHV4-61	1.4097681402838362
IGHV4-61	IGKV1-33	1.4097681402838362
IGKV1D-33	IGHV4-61	1.4097681402838362
IGHV4-61	IGKV1D-33	1.4097681402838362
IGKV3-20	PPBP	1.4068693280086806
PPBP	IGKV3-20	1.4068693280086806
JCHAIN	IGHGP	1.393995786807881
IGHGP	JCHAIN	1.393995786807881
IGHG3	IGHV4-39	1.3884592101395672
IGHV4-39	IGHG3	1.3884592101395672
IGHG2	IGHV4-39	1.388094597981951
IGHV4-39	IGHG2	1.388094597981951
JCHAIN	IGHV4-61	1.3837083682257176
IGHV4-61	JCHAIN	1.3837083682257176
IGHG2	IGHV4-59	1.3685971101650143
IGHV4-59	IGHG2	1.3685971101650143
PPBP	IGHA1	1.3653543356942532
IGHA1	PPBP	1.3653543356942532
IGHG3	IGHV4-59	1.3418186612528258
IGHV4-59	IGHG3	1.3418186612528258
IGKV1-9	IGHG3	1.3412909580782784
IGHG3	IGKV1-9	1.3412909580782784
IGKV1-33	JCHAIN	1.3276773552999896
JCHAIN	IGKV1-33	1.3276773552999896
IGKV1D-33	JCHAIN	1.3276773552999896
JCHAIN	IGKV1D-33	1.3276773552999896
IGHG2	IGHV4-61	1.325544661772787
IGHV4-61	IGHG2	1.325544661772787
IGKV3-20	IGHG3	1.3244256350494998
IGHG3	IGKV3-20	1.3244256350494998
JCHAIN	TPSAB1	1.3123245471031844
TPSAB1	JCHAIN	1.3123245471031844
IGHGP	IGHV4-61	1.291657866572705
IGHV4-61	IGHGP	1.291657866572705
IGHGP	IGHV4-59	1.2707765177315462
IGHV4-59	IGHGP	1.2707765177315462
IGKV3-20	IGHV4-61	1.2611388808596429
IGHV4-61	IGKV3-20	1.2611388808596429
IGKV1-33	IGHG3	1.2537128427338864
IGHG3	IGKV1-33	1.2537128427338864
IGKV1D-33	IGHG3	1.2537128427338864
IGHG3	IGKV1D-33	1.2537128427338864
IGHA1	IGHG3	1.2347004214042177
IGHG3	IGHA1	1.2347004214042177
IGHG2	IGHA1	1.1887261648269996
IGHA1	IGHG2	1.1887261648269996
JCHAIN	PPBP	1.1757491890899252
PPBP	JCHAIN	1.1757491890899252
IGKV3-20	IGHG2	1.166581555060197
IGHG2	IGKV3-20	1.166581555060197
TPSAB1	IGLV2-11	1.0461172533203609
IGLV2-11	TPSAB1	1.0461172533203609
IGHV5-10-1	TPSAB1	1.0274104712895582
TPSAB1	IGHV5-10-1	1.0274104712895582
IGKV2D-29	TPSAB1	1.0178471063079735
TPSAB1	IGKV2D-29	1.0178471063079735
IGHV3-48	TPSAB1	1.0112682444707817
TPSAB1	IGHV3-48	1.0112682444707817
IGHGP	IGHA1	1.0080095814313244
IGHA1	IGHGP	1.0080095814313244
IGKV3-20	IGKV2D-28	0.9521734691433325
IGKV2D-28	IGKV3-20	0.9521734691433325
IGKV1-33	IGHGP	0.9338307956358639
IGHGP	IGKV1-33	0.9338307956358639
IGKV1D-33	IGHGP	0.9338307956358639
IGHGP	IGKV1D-33	0.9338307956358639
IGKV2D-29	PPBP	0.9064246218342681
PPBP	IGKV2D-29	0.9064246218342681
PPBP	IGHV5-10-1	0.896742346040095
IGHV5-10-1	PPBP	0.896742346040095
JCHAIN	IGHG2	0.8857013226588145
IGHG2	JCHAIN	0.8857013226588145
IGKV3-20	IGKV2D-29	0.8780162464017661
IGKV2D-29	IGKV3-20	0.8780162464017661
JCHAIN	IGHG3	0.8727297845281887
IGHG3	JCHAIN	0.8727297845281887
IGHV4-59	TPSAB1	0.8700443501436077
TPSAB1	IGHV4-59	0.8700443501436077
PPBP	IGHV4-59	0.8507315382669479
IGHV4-59	PPBP	0.8507315382669479
IGKV2D-29	IGHA1	0.8407070030074943
IGHA1	IGKV2D-29	0.8407070030074943
IGKV2D-29	IGKV2D-28	0.8402126371548879
IGKV2D-28	IGKV2D-29	0.8402126371548879
PPBP	IGLV2-11	0.8320931691759801
IGLV2-11	PPBP	0.8320931691759801
PPBP	IGHV3-48	0.765796111999999
IGHV3-48	PPBP	0.765796111999999
IGKV3-20	IGLV2-11	0.758796304065141
IGLV2-11	IGKV3-20	0.758796304065141
IGKV1-9	TPSAB1	0.7551639863080117
TPSAB1	IGKV1-9	0.7551639863080117
IGHV3-64D	TPSAB1	0.7538076285855826
TPSAB1	IGHV3-64D	0.7538076285855826
IGKV2D-29	JCHAIN	0.7477740596719367
JCHAIN	IGKV2D-29	0.7477740596719367
IGHV4-39	TPSAB1	0.7260758257705369
TPSAB1	IGHV4-39	0.7260758257705369
IGKV3-20	IGHV3-64D	0.7230126350521637
IGHV3-64D	IGKV3-20	0.7230126350521637
IGHA1	IGHV5-10-1	0.706768254314495
IGHV5-10-1	IGHA1	0.706768254314495
PPBP	IGHG2	0.7041798848713796
IGHG2	PPBP	0.7041798848713796
IGHA1	IGHV3-64D	0.6983690101758862
IGHV3-64D	IGHA1	0.6983690101758862
IGKV2D-29	IGHV4-59	0.6951930355436331
IGHV4-59	IGKV2D-29	0.6951930355436331
PPBP	IGHG3	0.6921240000866439
IGHG3	PPBP	0.6921240000866439
IGKV2D-28	IGLV2-11	0.6890685003710704
IGLV2-11	IGKV2D-28	0.6890685003710704
IGKV2D-28	IGHV3-64D	0.6730255943464479
IGHV3-64D	IGKV2D-28	0.6730255943464479
IGKV2D-29	IGLV2-11	0.6717842562463576
IGLV2-11	IGKV2D-29	0.6717842562463576
IGKV2D-28	IGHV3-48	0.6701831474292617
IGHV3-48	IGKV2D-28	0.6701831474292617
IGHG2	TPSAB1	0.6670905885770337
TPSAB1	IGHG2	0.6670905885770337
PPBP	IGHV3-64D	0.6569636827987634
IGHV3-64D	PPBP	0.6569636827987634
IGHG3	TPSAB1	0.6479357845730304
TPSAB1	IGHG3	0.6479357845730304
JCHAIN	IGHV3-64D	0.6474881415342657
IGHV3-64D	JCHAIN	0.6474881415342657
PPBP	IGHV4-39	0.6446263501884917
IGHV4-39	PPBP	0.6446263501884917
IGKV1-9	PPBP	0.6016163386171692
PPBP	IGKV1-9	0.6016163386171692
JCHAIN	IGHV5-10-1	0.5983983239840808
IGHV5-10-1	JCHAIN	0.5983983239840808
IGKV3-20	IGHV4-39	0.5962470512338982
IGHV4-39	IGKV3-20	0.5962470512338982
IGKV2D-29	IGHV3-48	0.5781641208336573
IGHV3-48	IGKV2D-29	0.5781641208336573
IGKV2D-29	IGHV5-10-1	0.573311682109382
IGHV5-10-1	IGKV2D-29	0.573311682109382
PPBP	IGHV4-61	0.568279506755628
IGHV4-61	PPBP	0.568279506755628
IGKV2D-28	IGHV4-39	0.5610460291316832
IGHV4-39	IGKV2D-28	0.5610460291316832
IGHV3-64D	IGHV4-59	0.54543762020485
IGHV4-59	IGHV3-64D	0.54543762020485
IGHV4-61	TPSAB1	0.5392389977351698
TPSAB1	IGHV4-61	0.5392389977351698
IGHV3-64D	IGHV4-61	0.5339685657523514
IGHV4-61	IGHV3-64D	0.5339685657523514
IGKV1-9	IGKV2D-29	0.5339429223115479
IGKV2D-29	IGKV1-9	0.5339429223115479
IGKV2D-29	IGHV4-39	0.5273250129367505
IGHV4-39	IGKV2D-29	0.5273250129367505
IGHV3-64D	IGLV2-11	0.5222649798251112
IGLV2-11	IGHV3-64D	0.5222649798251112
IGHV5-10-1	IGLV2-11	0.4941936951193402
IGLV2-11	IGHV5-10-1	0.4941936951193402
IGHV5-10-1	IGHV3-48	0.48465056700050924
IGHV3-48	IGHV5-10-1	0.48465056700050924
IGHV5-10-1	IGHV4-59	0.475632866226363
IGHV4-59	IGHV5-10-1	0.475632866226363
IGKV1-9	IGKV2D-28	0.4724553591791255
IGKV2D-28	IGKV1-9	0.4724553591791255
IGKV1-33	IGKV2D-29	0.4698781431411347
IGKV2D-29	IGKV1-33	0.4698781431411347
IGKV1D-33	IGKV2D-29	0.4698781431411347
IGKV2D-29	IGKV1D-33	0.4698781431411347
IGHV3-64D	IGHV3-48	0.46860607228742246
IGHV3-48	IGHV3-64D	0.46860607228742246
IGHV3-64D	IGHV5-10-1	0.4663096948296217
IGHV5-10-1	IGHV3-64D	0.4663096948296217
IGHV3-48	IGLV2-11	0.4496726785745673
IGLV2-11	IGHV3-48	0.4496726785745673
IGHV3-48	IGHV4-59	0.41017347389728753
IGHV4-59	IGHV3-48	0.41017347389728753
IGHV4-59	IGLV2-11	0.4081558646993361
IGLV2-11	IGHV4-59	0.4081558646993361
IGHG2	IGHV3-48	0.38751621345722875
IGHV3-48	IGHG2	0.38751621345722875
IGHG3	IGHV3-48	0.3844043073706642
IGHV3-48	IGHG3	0.3844043073706642
IGHV3-64D	IGHV4-39	0.382570799512944
IGHV4-39	IGHV3-64D	0.382570799512944
IGHV4-39	IGHV3-48	0.38212817547005806
IGHV3-48	IGHV4-39	0.38212817547005806
IGHV5-10-1	IGHV4-39	0.3713747470634103
IGHV4-39	IGHV5-10-1	0.3713747470634103
IGHV5-10-1	IGHV4-61	0.36835609147949
IGHV4-61	IGHV5-10-1	0.36835609147949
IGHG2	IGLV2-11	0.3296946505272766
IGLV2-11	IGHG2	0.3296946505272766
IGHG3	IGLV2-11	0.32479762669654455
IGLV2-11	IGHG3	0.32479762669654455
IGHV3-48	IGHV4-61	0.30686038718750835
IGHV4-61	IGHV3-48	0.30686038718750835
IGKV1-9	IGLV2-11	0.29447177023691046
IGLV2-11	IGKV1-9	0.29447177023691046
IGKV1-33	IGHV5-10-1	0.29172525977813213
IGHV5-10-1	IGKV1-33	0.29172525977813213
IGKV1D-33	IGHV5-10-1	0.29172525977813213
IGHV5-10-1	IGKV1D-33	0.29172525977813213
IGKV1-33	TPSAB1	0.2915732291797139
TPSAB1	IGKV1-33	0.2915732291797139
IGKV1D-33	TPSAB1	0.2915732291797139
TPSAB1	IGKV1D-33	0.2915732291797139
IGKV3-20	IGKV1-33	0.276498226066478
IGKV1-33	IGKV3-20	0.276498226066478
IGKV3-20	IGKV1D-33	0.276498226066478
IGKV1D-33	IGKV3-20	0.276498226066478
IGKV1-9	IGHV4-39	0.26798358421786844
IGHV4-39	IGKV1-9	0.26798358421786844
IGKV1-33	PPBP	0.2622118000669923
PPBP	IGKV1-33	0.2622118000669923
IGKV1D-33	PPBP	0.2622118000669923
PPBP	IGKV1D-33	0.2622118000669923
IGKV1-33	IGKV2D-28	0.2549276037148949
IGKV2D-28	IGKV1-33	0.2549276037148949
IGKV1D-33	IGKV2D-28	0.2549276037148949
IGKV2D-28	IGKV1D-33	0.2549276037148949
IGKV1-9	IGHV4-59	0.24620808931106364
IGHV4-59	IGKV1-9	0.24620808931106364
IGKV1-33	IGHA1	0.23055617029321038
IGHA1	IGKV1-33	0.23055617029321038
IGKV1D-33	IGHA1	0.23055617029321038
IGHA1	IGKV1D-33	0.23055617029321038
IGKV1-33	IGHV4-39	0.21732074738886276
IGHV4-39	IGKV1-33	0.21732074738886276
IGKV1D-33	IGHV4-39	0.21732074738886276
IGHV4-39	IGKV1D-33	0.21732074738886276
PPBP	IGHGP	0.19604555355543468
IGHGP	PPBP	0.19604555355543468
IGHGP	TPSAB1	0.17684478408716042
TPSAB1	IGHGP	0.17684478408716042
IGHGP	IGHV3-48	0.17243338627220173
IGHV3-48	IGHGP	0.17243338627220173
IGKV1-9	IGHV4-61	0.1563349365385819
IGHV4-61	IGKV1-9	0.1563349365385819
IGHGP	IGLV2-11	0.12790131696709586
IGLV2-11	IGHGP	0.12790131696709586
IGKV2D-29	IGHV3-64D	4.3138751994891785e-5
IGHV3-64D	IGKV2D-29	4.3138751994891785e-5
